lastAccountName: AllanStrat
timestamps:
  login: 1633533605816
  logout: 1633533716283
  lastteleport: 1633533687482
ipAddress: 37.120.215.76
lastlocation:
  world: SkyBlock
  x: -61.37302155252743
  y: 67.0
  z: 28.411258434823434
  yaw: -152.49118
  pitch: 19.071
