spawns: 
  default: 
    world: SkyBlock
    x: -63.345749935485266
    y: 67.0
    z: 32.74833082574112
    yaw: 207.50882
    pitch: 19.071
