spawns: 
  default: 
    world: World
    x: -399.56379118369944
    y: 199.0
    z: 525.5949377174625
    yaw: -356.24646
    pitch: 1.4998062
