spawns: 
  default: 
    world: SkyBlock
    x: -62.37191424954383
    y: 67.0
    z: 31.193416519979735
    yaw: 204.92577
    pitch: -1.4368474
