spawns:
  default:
    world: 1247553c-eac0-4dd1-b5e1-2bc714d0d4b5
    world-name: Skyblock_World
    x: 86.93648927536071
    y: 135.0
    z: 59.52901701827829
    yaw: 107.84089660644531
    pitch: 4.199892044067383
