world: acidisland_world
x: -13.967024377405089
y: 56.0
z: 2.050892383601151
yaw: -90.51296
pitch: -11.896934
name: acid
lastowner: bdc83502-6d75-4c26-a633-729e9ed81aee
