world: SkyBlock
x: -66.69025304377726
y: 66.0
z: -11.011273240302012
yaw: 137.77925
pitch: -7.209316
name: acidisland
lastowner: bdc83502-6d75-4c26-a633-729e9ed81aee
