world: hub
x: 24.377159090572125
y: 99.0
z: -3.6243536195407975
yaw: -132.02467
pitch: -1.6011547
name: crates
lastowner: bdc83502-6d75-4c26-a633-729e9ed81aee
