world: 1c39438a-a8c8-430a-9035-a23e5d57eda3
world-name: Mine
x: -232.54732781342943
y: 75.0
z: -101.50968830850798
yaw: -19.8046875
pitch: 8.099916458129883
name: Farm
lastowner: f0e7f028-4955-4dc8-8e40-d334ef0bd19a
