world: hub
x: 19.86124303910464
y: 99.0
z: 8.598253580796563
yaw: 269.97137
pitch: -13.146273
name: help
lastowner: bdc83502-6d75-4c26-a633-729e9ed81aee
