world: SkyBlock
x: -13.512053866866324
y: 73.0
z: 2.7866939241478175
yaw: 177.93787
pitch: 0.22186208
name: info
lastowner: bdc83502-6d75-4c26-a633-729e9ed81aee
