world: SkyBlock
x: -36.1461757913805
y: 73.0
z: 59.770686541322526
yaw: 168.62083
pitch: 2.1965976
name: jungle
lastowner: bdc83502-6d75-4c26-a633-729e9ed81aee
