world: SkyBlock
x: -65.17978252859974
y: 68.0
z: 57.83060332264711
yaw: 177.58377
pitch: 2.208921
name: kawaii
lastowner: bdc83502-6d75-4c26-a633-729e9ed81aee
