world: 1c39438a-a8c8-430a-9035-a23e5d57eda3
world-name: Mine
x: 250.10043976731913
y: 99.0
z: 307.7917336769803
yaw: -91.8045654296875
pitch: 8.999317169189453
name: Mine
lastowner: f0e7f028-4955-4dc8-8e40-d334ef0bd19a
