world: hub
x: 32.6999183117719
y: 100.5
z: -11.510491247297352
yaw: -123.96873
pitch: 13.698202
name: rewards
lastowner: f0e7f028-4955-4dc8-8e40-d334ef0bd19a
