world: 1247553c-eac0-4dd1-b5e1-2bc714d0d4b5
world-name: Skyblock_World
x: 116.11661920417991
y: 153.0
z: 326.51550131983134
yaw: -91.4831771850586
pitch: -0.043819278478622437
name: Shop
lastowner: f0e7f028-4955-4dc8-8e40-d334ef0bd19a
