world: hub
x: 10.682756099672378
y: 103.0
z: 38.77078331264909
yaw: 2.0099444
pitch: -9.804273
name: shop
lastowner: bdc83502-6d75-4c26-a633-729e9ed81aee
