world: hub
x: 4.1392716881812985
y: 99.0
z: 0.07043502795731492
yaw: -91.15886
pitch: 11.545181
name: sky
lastowner: bdc83502-6d75-4c26-a633-729e9ed81aee
