world: SkyBlock
x: 21.265174872924455
y: 68.0
z: -40.20438368416192
yaw: 181.07382
pitch: 2.9686139
name: skyblock
lastowner: bdc83502-6d75-4c26-a633-729e9ed81aee
