world: 1c39438a-a8c8-430a-9035-a23e5d57eda3
world-name: Mine
x: 73.85210537224171
y: 97.0
z: 121.57689297563682
yaw: -90.1534423828125
pitch: 6.149703502655029
name: WoodMine
lastowner: f0e7f028-4955-4dc8-8e40-d334ef0bd19a
